1218 130 5.951
241 467 7.374
414 280 8.688
593 480 9.349
457 706 10.086
185 431 10.811
724 327 11.626
910 600 12.249
1066 359 12.662
1179 598 13.04
1307 341 13.381
978 168 13.746
656 172 14.144
464 376 14.499
668 611 14.838
939 353 15.24
743 315 15.548
700 511 15.9
1095 401 16.284
469 325 16.653
915 233 16.998
636 517 17.742
869 237 18.466
911 556 19.149
531 273 19.85
446 591 20.323
797 344 20.655
506 163 21.017
803 646 21.38
1097 402 21.718
341 531 23.481
447 206 23.831
646 627 24.196
819 300 24.526
965 656 24.94
1161 288 25.288
1264 643 25.66
1215 634 26.36
1113 325 26.782
923 561 27.083
795 273 27.477
611 528 27.821
462 183 28.13
314 491 28.541
406 139 29.301
696 125 29.654
1184 131 30.025
1255 606 30.405
801 567 30.735
506 563 31.045
416 291 31.471
781 338 31.801
525 122 32.3
942 147 32.626
560 511 32.965
988 532 33.284
555 316 33.643
1030 322 33.851
450 517 34.366
591 484 35.059
678 146 35.438
906 556 35.789
422 302 36.118
1230 327 36.511
292 735 36.861
1170 131 37.283
431 116 37.866
1261 665 38.283
338 592 38.684
1235 194 39.046
334 284 39.423
1204 342 39.782
595 514 40.123
615 222 40.891
998 473 41.219
641 694 41.565
457 365 41.936
592 193 42.278
840 414 42.685
732 627 43.03
291 481 43.397
727 434 43.782
1057 368 44.117
931 148 44.516
462 351 45.001
898 475 45.354
537 579 45.606